[Init]
OffPos = -25.000000    
OnPos = 15.504800