[Init]
OffPos = 23.000000
OnPos = -25.000000

[SlideMirror]
OffPos = -25.000000
OnPos = 9.199900

[FiberSetup]
OffPos = -25.800000    
OnPos = 10.286300