[Init]
OffPos = 23.000000
OnPos = -25.000000

[SlideMirror]
OffPos = -25.000000
OnPos = 19.881100

[FiberSetup]
OffPos = -25.800000
OnPos = 24.6483
ButtonOnOffNames = "APD	Spectro\0D\0A"